3450 4094
3427 4074
3405 4054
3383 4035
3361 4016
3339 3997
3317 3979
3295 3961
3273 3943
3251 3926
3229 3909
3207 3893
3186 3877
3165 3861
3144 3845
3123 3830
3102 3815
3081 3800
3060 3786
3039 3772
3018 3758
2997 3745
2976 3732
2955 3719
2934 3707
2913 3695
2893 3683
2873 3671
2854 3660
2835 3649
2816 3638
2797 3627
2778 3617
2759 3607
2740 3597
2721 3587
2702 3578
2683 3569
2664 3560
2645 3551
2626 3543
2607 3535
2588 3527
2569 3520
2550 3514
2531 3508
2512 3502
2493 3496
2467 3495
2441 3494
2415 3493
2389 3492
2363 3491
2337 3490
2311 3489
2291 3488
2274 3487
2257 3486
2240 3485
2223 3484
2206 3483
2189 3482
2172 3481
2155 3480
2138 3479
2121 3478
2104 3477
2087 3476
2070 3475
2053 3474
2036 3473
2019 3472
2002 3471
1985 3470
1968 3469
1951 3468
1934 3467
1917 3466
1900 3465
1883 3464
1866 3463
1849 3462
1832 3461
1815 3460
1798 3459
1781 3458
1764 3457
1747 3456
1730 3455
1713 3454
1696 3453
1679 3452
1662 3451
1645 3450
1629 3449
1613 3448
1597 3447
1581 3446
1565 3445
1549 3444
1533 3443
1517 3442
1501 3442
1485 3442
1469 3442
1453 3442
1437 3442
1421 3442
1405 3442
1389 3442
1373 3442
1357 3442
1341 3442
1325 3442
1309 3442
1293 3442
1277 3442
1261 3442
1245 3442
1229 3442
1213 3442
1197 3442
1181 3442
1165 3442
1149 3442
1133 3442
1117 3442
1101 3442
1085 3442
1069 3442
1053 3442
1037 3442
1021 3442
1005 3442
989 3442
973 3442
957 3442
941 3442
925 3442
909 3442
893 3442
877 3442
861 3442
845 3442
829 3442
813 3442
797 3442
781 3442
765 3442
749 3442
733 3442
717 3442
701 3442
685 3442
669 3442
653 3442
637 3442
621 3442
605 3442
589 3442
573 3442
557 3442
541 3442
525 3442
509 3442
493 3442
477 3442
461 3442
445 3442
429 3442
413 3442
397 3442
381 3442
365 3442
349 3442
333 3442
317 3442
301 3442
285 3442
269 3442
253 3442
237 3442
221 3442
205 3442
189 3442
173 3442
157 3442
141 3442
125 3442
109 3442
93 3442
77 3442
61 3442
45 3442
29 3442
13 3442
0 3442
3442
Solved in 64ms
