30829 36962
30716 36943
30603 36924
30493 36905
30384 36886
30276 36869
30168 36852
30061 36835
29955 36819
29852 36803
29750 36788
29650 36774
29551 36760
29453 36746
29357 36731
29262 36716
29169 36701
29078 36686
28988 36671
28900 36660
28804 36650
28708 36641
28612 36632
28516 36623
28421 36615
28326 36607
28231 36599
28137 36591
28043 36583
27949 36575
27863 36567
27769 36560
27675 36553
27581 36546
27487 36539
27393 36534
27299 36529
27199 36524
27099 36519
26999 36515
26899 36512
26799 36509
26699 36505
26599 36502
26499 36499
26399 36496
26299 36493
26199 36490
26102 36487
25998 36483
25894 36479
25790 36475
25686 36471
25582 36467
25478 36463
25374 36459
25270 36455
25166 36451
25062 36447
24958 36443
24854 36439
24750 36435
24646 36432
24542 36429
24438 36426
24334 36423
24231 36420
24132 36417
24033 36414
23944 36411
23847 36408
23750 36405
23653 36402
23556 36399
23459 36396
23362 36393
23265 36390
23168 36387
23070 36384
22972 36381
22874 36378
22776 36375
22678 36372
22580 36369
22482 36366
22384 36363
22286 36360
22188 36357
22090 36354
21992 36351
21894 36348
21796 36345
21698 36342
21600 36339
21502 36336
21404 36333
21306 36330
21208 36327
21110 36324
21012 36321
20914 36318
20816 36315
20718 36312
20620 36309
20522 36306
20424 36303
20326 36300
20228 36297
20130 36294
20032 36291
19934 36288
19836 36285
19738 36282
19640 36279
19543 36276
19455 36274
19367 36272
19279 36270
19191 36268
19103 36266
19015 36264
18927 36262
18839 36260
18751 36258
18663 36256
18575 36254
18487 36252
18399 36250
18311 36248
18223 36246
18135 36244
18047 36242
17959 36240
17872 36238
17785 36236
17698 36234
17611 36232
17524 36230
17437 36228
17350 36226
17263 36224
17176 36222
17089 36220
17002 36218
16915 36216
16828 36214
16741 36212
16654 36210
16567 36208
16480 36206
16393 36204
16306 36202
16219 36200
16132 36198
16045 36196
15958 36194
15871 36192
15783 36190
15695 36188
15607 36186
15519 36184
15431 36182
15343 36180
15255 36178
15167 36176
15079 36174
14991 36172
14903 36170
14815 36168
14727 36166
14639 36164
14551 36162
14463 36160
14375 36159
14287 36158
14199 36157
14111 36156
14023 36155
13935 36154
13847 36153
13759 36152
13671 36151
13583 36150
13497 36149
13428 36148
13359 36147
13290 36146
13221 36145
13152 36144
13083 36143
13014 36142
12945 36141
12876 36140
12807 36139
12738 36138
12669 36137
12600 36136
12531 36135
12462 36134
12393 36133
12324 36132
12255 36131
12186 36130
12117 36129
12048 36128
11979 36127
11910 36126
11841 36125
11772 36124
11703 36123
11634 36122
11565 36121
11496 36120
11427 36119
11358 36118
11289 36117
11220 36116
11151 36115
11082 36114
11013 36113
10944 36112
10875 36111
10806 36110
10737 36109
10668 36108
10599 36107
10530 36106
10461 36105
10393 36104
10325 36103
10257 36102
10189 36101
10121 36100
10053 36099
9985 36098
9917 36097
9849 36096
9781 36095
9713 36094
9645 36093
9577 36092
9509 36091
9441 36090
9373 36089
9305 36088
9237 36087
9169 36086
9101 36085
9033 36084
8965 36083
8897 36082
8829 36081
8761 36080
8693 36079
8625 36078
8557 36077
8489 36076
8421 36075
8353 36074
8285 36073
8217 36072
8149 36071
8095 36070
8051 36069
8007 36068
7963 36067
7919 36066
7875 36065
7839 36064
7806 36063
7773 36062
7740 36061
7707 36060
7674 36059
7641 36058
7608 36057
7575 36056
7542 36055
7509 36054
7476 36053
7443 36052
7410 36051
7377 36050
7344 36049
7311 36048
7278 36047
7245 36046
7212 36045
7179 36044
7146 36043
7113 36042
7080 36041
7047 36040
7014 36039
6981 36038
6948 36037
6915 36036
6882 36035
6849 36034
6816 36033
6783 36032
6750 36031
6717 36030
6684 36029
6651 36028
6618 36027
6585 36026
6552 36025
6519 36024
6486 36023
6453 36022
6420 36021
6387 36020
6354 36019
6321 36018
6288 36017
6255 36016
6222 36015
6189 36014
6156 36013
6123 36012
6090 36011
6057 36010
6024 36009
5991 36008
5958 36007
5925 36006
5892 36005
5859 36004
5826 36003
5793 36002
5760 36001
5727 36000
5694 35999
5661 35998
5628 35997
5595 35996
5562 35995
5529 35994
5496 35993
5463 35992
5430 35991
5397 35990
5364 35989
5331 35988
5298 35987
5265 35986
5232 35985
5199 35984
5166 35983
5140 35982
5125 35981
5110 35980
5095 35979
5080 35978
5065 35977
5050 35976
5035 35975
5020 35974
5005 35973
4990 35972
4975 35971
4960 35970
4945 35969
4930 35968
4915 35967
4900 35966
4885 35965
4870 35964
4855 35963
4840 35962
4825 35961
4810 35960
4795 35959
4780 35958
4765 35957
4750 35956
4735 35955
4720 35954
4705 35953
4690 35952
4675 35951
4660 35950
4645 35949
4630 35948
4615 35947
35947
Solved in 126ms
